9
0 2 5 7 1 3 8 6 4  Time: 6
0 2 6 1 7 4 8 3 5  Time: 6
0 2 7 5 8 1 4 6 3  Time: 6
0 3 1 7 5 8 2 4 6  Time: 6
0 3 5 2 8 1 7 4 6  Time: 6
0 3 5 7 1 4 2 8 6  Time: 6
0 3 6 2 7 1 4 8 5  Time: 6
0 3 6 8 1 4 7 5 2  Time: 6
0 3 7 2 8 6 4 1 5  Time: 6
0 4 1 5 8 2 7 3 6  Time: 10
0 4 6 1 5 2 8 3 7  Time: 10
0 4 6 8 2 7 1 3 5  Time: 10
0 4 6 8 3 1 7 5 2  Time: 10
0 4 8 1 5 7 2 6 3  Time: 10
0 4 8 5 3 1 7 2 6  Time: 10
0 5 3 1 6 8 2 4 7  Time: 10
0 5 3 1 7 2 8 6 4  Time: 10
0 5 1 8 6 3 7 2 4  Time: 10
0 5 7 4 1 3 8 6 2  Time: 10
0 5 7 2 6 3 1 8 4  Time: 10
0 5 8 4 1 7 2 6 3  Time: 10
0 6 3 5 8 1 4 2 7  Time: 10
0 6 3 7 2 4 8 1 5  Time: 10
0 6 3 7 2 8 5 1 4  Time: 10
0 6 4 7 1 8 2 5 3  Time: 10
0 7 3 1 6 8 5 2 4  Time: 10
0 7 4 2 5 8 1 3 6  Time: 14
0 7 4 2 8 6 1 3 5  Time: 14
1 3 0 6 8 5 2 4 7  Time: 18
1 3 6 0 2 8 5 7 4  Time: 18
1 3 7 2 8 5 0 4 6  Time: 18
1 3 8 6 4 2 0 5 7  Time: 18
1 3 8 6 2 0 5 7 4  Time: 18
1 4 6 3 0 2 8 5 7  Time: 18
1 4 6 0 2 7 5 3 8  Time: 18
1 4 6 8 2 5 3 0 7  Time: 18
1 4 6 8 3 7 0 2 5  Time: 18
1 4 7 0 2 5 8 6 3  Time: 18
1 4 7 0 8 5 2 6 3  Time: 18
1 4 7 5 8 2 0 3 6  Time: 18
1 4 7 5 8 2 0 6 3  Time: 18
1 4 8 3 0 7 5 2 6  Time: 18
1 5 2 0 7 3 8 6 4  Time: 18
1 5 0 2 6 8 3 7 4  Time: 18
1 5 0 6 4 2 8 3 7  Time: 18
1 5 0 6 3 7 2 4 8  Time: 18
1 5 0 8 4 7 3 6 2  Time: 18
1 5 8 2 4 7 3 0 6  Time: 22
1 6 4 0 8 3 5 7 2  Time: 22
1 6 4 7 0 3 5 2 8  Time: 22
1 6 8 5 2 0 3 7 4  Time: 22
1 7 4 2 8 5 3 0 6  Time: 22
1 7 5 8 2 0 3 6 4  Time: 22
1 7 0 3 6 8 5 2 4  Time: 22
1 8 4 2 7 3 6 0 5  Time: 22
1 8 5 3 6 0 2 4 7  Time: 22
1 8 5 2 4 7 0 3 6  Time: 22
1 8 5 2 6 3 0 7 4  Time: 22
2 0 3 6 8 1 4 7 5  Time: 26
2 0 5 7 4 1 3 8 6  Time: 26
2 0 6 4 7 1 3 5 8  Time: 26
2 0 6 1 7 5 3 8 4  Time: 26
2 0 7 3 8 6 4 1 5  Time: 26
2 0 8 6 4 1 7 5 3  Time: 26
2 4 1 7 0 6 3 5 8  Time: 30
2 4 1 7 0 3 6 8 5  Time: 30
2 4 6 0 3 1 7 5 8  Time: 30
2 4 7 1 8 5 0 6 3  Time: 30
2 4 7 1 8 6 0 3 5  Time: 30
2 4 8 3 0 6 1 5 7  Time: 30
2 4 8 1 3 6 0 7 5  Time: 30
2 5 1 6 0 3 7 4 8  Time: 30
2 5 1 8 4 0 7 3 6  Time: 30
2 5 7 4 1 8 6 3 0  Time: 30
2 5 7 4 0 8 6 1 3  Time: 30
2 5 7 1 3 8 6 4 0  Time: 30
2 5 7 0 4 8 1 3 6  Time: 30
2 5 7 0 3 6 4 1 8  Time: 30
2 5 8 4 7 0 3 1 6  Time: 30
2 5 8 1 4 6 3 0 7  Time: 30
2 5 8 1 7 0 3 6 4  Time: 30
2 5 8 6 1 3 7 0 4  Time: 30
2 5 8 6 3 0 7 1 4  Time: 30
2 5 8 6 0 3 1 4 7  Time: 30
2 5 8 0 7 3 1 6 4  Time: 30
2 6 3 1 8 5 0 4 7  Time: 30
2 6 3 1 8 4 0 7 5  Time: 30
2 6 3 7 4 8 0 5 1  Time: 30
2 6 1 3 7 0 4 8 5  Time: 30
2 6 1 7 4 8 0 5 3  Time: 30
2 6 1 7 5 3 0 4 8  Time: 30
2 6 8 3 1 4 7 5 0  Time: 30
2 6 8 0 4 1 7 5 3  Time: 30
2 7 3 6 8 1 4 0 5  Time: 30
2 7 5 3 8 0 4 6 1  Time: 30
2 7 5 0 8 1 4 6 3  Time: 30
2 7 5 8 1 4 0 3 6  Time: 30
2 7 1 3 8 6 4 0 5  Time: 30
2 8 3 0 7 5 1 6 4  Time: 30
2 8 3 7 4 1 5 0 6  Time: 30
2 8 3 1 7 5 0 6 4  Time: 30
2 8 5 3 0 6 4 1 7  Time: 30
2 8 5 7 1 3 0 6 4  Time: 30
2 8 5 1 4 6 0 3 7  Time: 30
2 8 1 4 7 0 6 3 5  Time: 30
3 1 4 7 0 2 5 8 6  Time: 30
3 1 6 2 0 7 4 8 5  Time: 30
3 1 6 8 0 7 4 2 5  Time: 30
3 1 6 8 0 4 7 5 2  Time: 30
3 1 7 2 8 6 4 0 5  Time: 30
3 1 8 4 0 7 5 2 6  Time: 30
3 1 8 2 5 7 0 4 6  Time: 30
3 0 2 5 8 1 7 4 6  Time: 33
3 0 4 1 8 6 2 7 5  Time: 33
3 0 4 7 1 6 2 5 8  Time: 33
3 0 4 8 1 5 7 2 6  Time: 33
3 0 6 8 1 5 7 2 4  Time: 33
3 0 8 5 2 6 1 7 4  Time: 33
3 5 2 8 1 4 7 0 6  Time: 33
3 5 2 8 1 7 4 6 0  Time: 33
3 5 2 8 6 0 7 1 4  Time: 33
3 5 0 4 1 7 2 6 8  Time: 33
3 5 0 8 4 7 1 6 2  Time: 33
3 5 0 8 6 2 7 1 4  Time: 33
3 5 7 1 4 0 8 6 2  Time: 33
3 5 7 1 4 6 8 0 2  Time: 33
3 5 7 1 6 0 2 4 8  Time: 33
3 5 7 2 0 6 4 1 8  Time: 33
3 5 8 2 0 7 1 4 6  Time: 33
3 6 2 5 8 0 7 4 1  Time: 33
3 6 2 7 5 1 8 4 0  Time: 33
3 6 2 7 5 0 8 1 4  Time: 33
3 6 2 7 1 4 8 5 0  Time: 33
3 6 0 2 8 5 7 4 1  Time: 33
3 6 0 5 8 1 7 4 2  Time: 33
3 6 0 7 4 1 8 2 5  Time: 33
3 6 4 1 8 5 7 2 0  Time: 33
3 6 4 1 8 0 5 7 2  Time: 33
3 6 4 1 8 0 2 7 5  Time: 33
3 6 8 5 2 0 7 4 1  Time: 33
3 6 8 1 4 7 0 2 5  Time: 33
3 6 8 1 5 0 2 4 7  Time: 33
3 7 0 4 6 1 5 2 8  Time: 33
3 7 4 2 0 5 1 8 6  Time: 33
3 7 4 2 0 6 1 5 8  Time: 33
3 8 2 5 1 6 4 0 7  Time: 33
3 8 4 2 0 5 7 1 6  Time: 33
3 8 4 2 0 6 1 7 5  Time: 33
3 8 4 7 0 2 5 1 6  Time: 33
4 1 3 0 6 8 2 5 7  Time: 35
4 1 3 8 6 2 0 5 7  Time: 35
4 1 5 0 2 6 8 3 7  Time: 35
4 1 5 8 2 7 3 6 0  Time: 35
4 1 5 8 6 3 0 2 7  Time: 35
4 1 7 0 3 6 8 5 2  Time: 35
4 1 7 0 6 8 2 5 3  Time: 35
4 1 7 2 6 3 0 8 5  Time: 35
4 1 7 2 6 8 0 5 3  Time: 35
4 1 8 0 5 7 2 6 3  Time: 35
4 1 8 5 2 6 3 0 7  Time: 35
4 2 0 5 1 8 6 3 7  Time: 35
4 2 0 5 7 1 3 6 8  Time: 35
4 2 0 6 1 7 5 3 8  Time: 35
4 2 5 8 1 7 0 3 6  Time: 35
4 2 5 8 6 1 3 7 0  Time: 35
4 2 5 8 6 0 3 1 7  Time: 35
4 2 5 8 6 3 0 7 1  Time: 35
4 2 7 3 6 8 1 5 0  Time: 35
4 2 7 3 1 8 5 0 6  Time: 35
4 2 7 5 1 8 6 0 3  Time: 35
4 2 7 5 1 8 0 3 6  Time: 35
4 2 8 3 1 7 5 0 6  Time: 35
4 2 8 5 7 1 3 0 6  Time: 35
4 0 5 3 1 7 2 8 6  Time: 35
4 0 7 3 1 6 8 5 2  Time: 35
4 0 7 5 2 6 1 3 8  Time: 35
4 6 3 0 2 5 8 1 7  Time: 35
4 6 3 0 2 7 5 1 8  Time: 35
4 6 3 0 2 8 5 7 1  Time: 35
4 6 3 0 7 1 8 5 2  Time: 35
4 6 0 3 1 7 5 8 2  Time: 35
4 6 0 5 7 1 3 8 2  Time: 35
4 6 1 3 7 0 2 8 5  Time: 35
4 6 1 3 7 0 8 5 2  Time: 35
4 6 1 5 2 0 7 3 8  Time: 35
4 6 1 5 7 0 3 8 2  Time: 35
4 6 8 3 1 7 5 2 0  Time: 35
4 6 8 3 7 0 2 5 1  Time: 35
4 6 8 2 7 1 3 5 0  Time: 35
4 7 3 0 2 5 8 6 1  Time: 35
4 7 3 0 6 1 5 2 8  Time: 35
4 7 3 8 6 2 0 5 1  Time: 35
4 7 0 3 6 2 5 8 1  Time: 35
4 7 0 8 3 1 6 2 5  Time: 35
4 7 5 0 2 6 8 3 1  Time: 35
4 7 5 8 2 0 6 3 1  Time: 35
4 7 1 6 2 5 8 0 3  Time: 35
4 7 1 6 2 0 8 3 5  Time: 35
4 7 1 8 5 2 0 3 6  Time: 35
4 7 1 8 2 0 6 3 5  Time: 35
4 8 3 5 7 1 6 0 2  Time: 35
4 8 1 3 6 2 7 5 0  Time: 35
4 8 1 5 7 2 0 3 6  Time: 35
5 1 4 6 8 3 7 0 2  Time: 35
5 1 4 6 8 2 7 3 0  Time: 35
5 1 8 4 2 7 3 6 0  Time: 35
5 2 4 7 0 3 1 6 8  Time: 35
5 2 4 7 0 8 6 1 3  Time: 35
5 2 4 7 0 8 3 1 6  Time: 35
5 2 0 3 6 8 1 4 7  Time: 35
5 2 0 7 4 1 8 6 3  Time: 35
5 2 0 7 3 8 6 4 1  Time: 35
5 2 6 3 0 8 1 4 7  Time: 35
5 2 6 1 3 7 0 4 8  Time: 35
5 2 6 1 3 8 0 7 4  Time: 35
5 2 6 1 7 4 0 3 8  Time: 35
5 2 8 3 0 7 1 4 6  Time: 35
5 2 8 6 0 3 1 4 7  Time: 35
5 2 8 1 4 7 0 6 3  Time: 35
5 3 1 6 8 2 4 7 0  Time: 35
5 3 1 7 4 2 0 8 6  Time: 35
5 3 1 7 4 8 0 2 6  Time: 35
5 3 1 7 2 8 6 4 0  Time: 35
5 3 0 6 8 1 7 4 2  Time: 35
5 3 6 0 2 8 1 7 4  Time: 35
5 3 6 0 7 1 4 2 8  Time: 35
5 3 6 0 7 4 1 8 2  Time: 35
5 3 8 4 7 1 6 2 0  Time: 35
5 3 8 0 4 1 7 2 6  Time: 35
5 3 8 0 2 6 1 7 4  Time: 35
5 0 4 1 8 6 3 7 2  Time: 35
5 0 4 6 8 3 1 7 2  Time: 35
5 0 4 6 8 2 7 1 3  Time: 35
5 0 6 3 7 2 4 8 1  Time: 35
5 7 2 0 8 1 4 6 3  Time: 39
5 7 2 0 8 4 1 3 6  Time: 39
5 7 2 6 8 1 4 0 3  Time: 39
5 7 4 1 8 6 3 0 2  Time: 39
5 7 0 4 8 1 3 6 2  Time: 39
5 7 0 6 3 1 8 4 2  Time: 39
5 7 1 6 0 2 4 8 3  Time: 39
5 8 2 0 7 3 1 6 4  Time: 39
5 8 4 0 7 3 1 6 2  Time: 39
5 8 4 7 0 2 6 1 3  Time: 39
5 8 4 1 7 2 6 3 0  Time: 39
5 8 0 3 6 2 7 1 4  Time: 39
5 8 6 3 0 7 1 4 2  Time: 39
6 1 3 5 0 8 4 2 7  Time: 39
6 1 3 0 7 4 8 5 2  Time: 39
6 1 3 8 0 7 4 2 5  Time: 39
6 1 5 2 0 7 4 8 3  Time: 39
6 1 7 5 0 2 4 8 3  Time: 39
6 2 5 1 4 0 8 3 7  Time: 39
6 2 5 7 0 4 8 1 3  Time: 39
6 2 5 7 0 3 8 4 1  Time: 39
6 2 0 5 7 4 1 3 8  Time: 39
6 2 0 8 4 7 1 3 5  Time: 39
6 2 7 5 1 8 4 0 3  Time: 39
6 2 7 1 4 0 8 3 5  Time: 39
6 2 7 1 3 5 8 4 0  Time: 39
6 3 1 4 7 0 2 5 8  Time: 39
6 3 1 4 8 0 2 7 5  Time: 39
6 3 1 7 5 0 2 4 8  Time: 39
6 3 1 8 4 0 7 5 2  Time: 39
6 3 1 8 5 2 4 7 0  Time: 39
6 3 0 4 1 8 5 7 2  Time: 39
6 3 0 2 5 8 1 7 4  Time: 39
6 3 0 2 7 5 1 8 4  Time: 39
6 3 0 2 8 5 7 4 1  Time: 39
6 3 0 7 4 2 5 8 1  Time: 39
6 3 0 7 1 8 5 2 4  Time: 39
6 3 0 8 1 5 7 2 4  Time: 39
6 3 7 0 4 8 1 5 2  Time: 39
6 3 7 2 8 5 1 4 0  Time: 39
6 4 2 8 5 7 1 3 0  Time: 39
6 4 1 7 0 2 8 5 3  Time: 39
6 4 1 7 0 3 8 2 5  Time: 39
6 4 0 5 8 2 7 3 1  Time: 39
6 4 0 7 5 2 8 1 3  Time: 39
6 4 7 1 8 5 2 0 3  Time: 39
6 4 7 1 8 2 5 3 0  Time: 39
6 0 3 5 8 2 4 7 1  Time: 39
6 0 3 1 7 5 8 2 4  Time: 39
6 0 3 7 4 2 8 5 1  Time: 39
6 0 5 1 4 7 3 8 2  Time: 39
6 0 5 7 1 3 8 2 4  Time: 39
6 0 5 8 1 3 7 2 4  Time: 39
6 0 7 4 1 8 2 5 3  Time: 39
