9
0 2 5 7 1 3 8 6 4  Time: 1
0 2 6 1 7 4 8 3 5  Time: 1
0 2 7 5 8 1 4 6 3  Time: 1
0 3 1 7 5 8 2 4 6  Time: 1
0 3 5 2 8 1 7 4 6  Time: 1
0 3 5 7 1 4 2 8 6  Time: 1
0 3 6 2 7 1 4 8 5  Time: 1
0 3 6 8 1 4 7 5 2  Time: 1
0 3 7 2 8 6 4 1 5  Time: 1
0 4 1 5 8 2 7 3 6  Time: 1
0 4 6 1 5 2 8 3 7  Time: 1
0 4 6 8 2 7 1 3 5  Time: 1
0 4 6 8 3 1 7 5 2  Time: 1
0 4 8 1 5 7 2 6 3  Time: 1
0 4 8 5 3 1 7 2 6  Time: 1
0 5 3 1 6 8 2 4 7  Time: 1
0 5 3 1 7 2 8 6 4  Time: 1
0 5 1 8 6 3 7 2 4  Time: 1
0 5 7 4 1 3 8 6 2  Time: 1
0 5 7 2 6 3 1 8 4  Time: 1
0 5 8 4 1 7 2 6 3  Time: 1
0 6 3 5 8 1 4 2 7  Time: 1
0 6 3 7 2 4 8 1 5  Time: 1
0 6 3 7 2 8 5 1 4  Time: 1
0 6 4 7 1 8 2 5 3  Time: 1
0 7 3 1 6 8 5 2 4  Time: 1
0 7 4 2 5 8 1 3 6  Time: 1
0 7 4 2 8 6 1 3 5  Time: 1
1 3 0 6 8 5 2 4 7  Time: 1
1 3 6 0 2 8 5 7 4  Time: 1
1 3 7 2 8 5 0 4 6  Time: 1
1 3 8 6 4 2 0 5 7  Time: 1
1 3 8 6 2 0 5 7 4  Time: 1
1 4 6 3 0 2 8 5 7  Time: 1
1 4 6 0 2 7 5 3 8  Time: 1
1 4 6 8 2 5 3 0 7  Time: 1
1 4 6 8 3 7 0 2 5  Time: 1
1 4 7 0 2 5 8 6 3  Time: 1
1 4 7 0 8 5 2 6 3  Time: 1
1 4 7 5 8 2 0 3 6  Time: 1
1 4 7 5 8 2 0 6 3  Time: 1
1 4 8 3 0 7 5 2 6  Time: 1
1 5 2 0 7 3 8 6 4  Time: 1
1 5 0 2 6 8 3 7 4  Time: 1
1 5 0 6 4 2 8 3 7  Time: 1
1 5 0 6 3 7 2 4 8  Time: 1
1 5 0 8 4 7 3 6 2  Time: 5
1 5 8 2 4 7 3 0 6  Time: 5
1 6 4 0 8 3 5 7 2  Time: 5
1 6 4 7 0 3 5 2 8  Time: 5
1 6 8 5 2 0 3 7 4  Time: 5
1 7 4 2 8 5 3 0 6  Time: 5
1 7 5 8 2 0 3 6 4  Time: 5
1 7 0 3 6 8 5 2 4  Time: 5
1 8 4 2 7 3 6 0 5  Time: 5
1 8 5 3 6 0 2 4 7  Time: 5
1 8 5 2 4 7 0 3 6  Time: 5
1 8 5 2 6 3 0 7 4  Time: 5
2 0 3 6 8 1 4 7 5  Time: 9
2 0 5 7 4 1 3 8 6  Time: 9
2 0 6 4 7 1 3 5 8  Time: 9
2 0 6 1 7 5 3 8 4  Time: 9
2 0 7 3 8 6 4 1 5  Time: 9
2 0 8 6 4 1 7 5 3  Time: 9
2 4 1 7 0 6 3 5 8  Time: 13
2 4 1 7 0 3 6 8 5  Time: 13
2 4 6 0 3 1 7 5 8  Time: 13
2 4 7 1 8 5 0 6 3  Time: 13
2 4 7 1 8 6 0 3 5  Time: 13
2 4 8 3 0 6 1 5 7  Time: 13
2 4 8 1 3 6 0 7 5  Time: 13
2 5 1 6 0 3 7 4 8  Time: 13
2 5 1 8 4 0 7 3 6  Time: 13
2 5 7 4 1 8 6 3 0  Time: 13
2 5 7 4 0 8 6 1 3  Time: 13
2 5 7 1 3 8 6 4 0  Time: 13
2 5 7 0 4 8 1 3 6  Time: 13
2 5 7 0 3 6 4 1 8  Time: 13
2 5 8 4 7 0 3 1 6  Time: 13
2 5 8 1 4 6 3 0 7  Time: 13
2 5 8 1 7 0 3 6 4  Time: 13
2 5 8 6 1 3 7 0 4  Time: 13
2 5 8 6 3 0 7 1 4  Time: 13
2 5 8 6 0 3 1 4 7  Time: 13
2 5 8 0 7 3 1 6 4  Time: 13
2 6 3 1 8 5 0 4 7  Time: 13
2 6 3 1 8 4 0 7 5  Time: 13
2 6 3 7 4 8 0 5 1  Time: 13
2 6 1 3 7 0 4 8 5  Time: 13
2 6 1 7 4 8 0 5 3  Time: 13
2 6 1 7 5 3 0 4 8  Time: 13
2 6 8 3 1 4 7 5 0  Time: 13
2 6 8 0 4 1 7 5 3  Time: 13
2 7 3 6 8 1 4 0 5  Time: 17
2 7 5 3 8 0 4 6 1  Time: 17
2 7 5 0 8 1 4 6 3  Time: 17
2 7 5 8 1 4 0 3 6  Time: 17
2 7 1 3 8 6 4 0 5  Time: 17
2 8 3 0 7 5 1 6 4  Time: 17
2 8 3 7 4 1 5 0 6  Time: 17
2 8 3 1 7 5 0 6 4  Time: 17
2 8 5 3 0 6 4 1 7  Time: 17
2 8 5 7 1 3 0 6 4  Time: 17
2 8 5 1 4 6 0 3 7  Time: 17
2 8 1 4 7 0 6 3 5  Time: 17
3 1 4 7 0 2 5 8 6  Time: 17
3 1 6 2 0 7 4 8 5  Time: 17
3 1 6 8 0 7 4 2 5  Time: 17
3 1 6 8 0 4 7 5 2  Time: 17
3 1 7 2 8 6 4 0 5  Time: 17
3 1 8 4 0 7 5 2 6  Time: 17
3 1 8 2 5 7 0 4 6  Time: 17
3 0 2 5 8 1 7 4 6  Time: 21
3 0 4 1 8 6 2 7 5  Time: 21
3 0 4 7 1 6 2 5 8  Time: 21
3 0 4 8 1 5 7 2 6  Time: 21
3 0 6 8 1 5 7 2 4  Time: 21
3 0 8 5 2 6 1 7 4  Time: 21
3 5 2 8 1 4 7 0 6  Time: 21
3 5 2 8 1 7 4 6 0  Time: 21
3 5 2 8 6 0 7 1 4  Time: 21
3 5 0 4 1 7 2 6 8  Time: 21
3 5 0 8 4 7 1 6 2  Time: 21
3 5 0 8 6 2 7 1 4  Time: 21
3 5 7 1 4 0 8 6 2  Time: 25
3 5 7 1 4 6 8 0 2  Time: 25
3 5 7 1 6 0 2 4 8  Time: 25
3 5 7 2 0 6 4 1 8  Time: 25
3 5 8 2 0 7 1 4 6  Time: 25
3 6 2 5 8 0 7 4 1  Time: 25
3 6 2 7 5 1 8 4 0  Time: 25
3 6 2 7 5 0 8 1 4  Time: 25
3 6 2 7 1 4 8 5 0  Time: 25
3 6 0 2 8 5 7 4 1  Time: 25
3 6 0 5 8 1 7 4 2  Time: 25
3 6 0 7 4 1 8 2 5  Time: 25
3 6 4 1 8 5 7 2 0  Time: 25
3 6 4 1 8 0 5 7 2  Time: 25
3 6 4 1 8 0 2 7 5  Time: 25
3 6 8 5 2 0 7 4 1  Time: 25
3 6 8 1 4 7 0 2 5  Time: 25
3 6 8 1 5 0 2 4 7  Time: 25
3 7 0 4 6 1 5 2 8  Time: 25
3 7 4 2 0 5 1 8 6  Time: 25
3 7 4 2 0 6 1 5 8  Time: 25
3 8 2 5 1 6 4 0 7  Time: 25
3 8 4 2 0 5 7 1 6  Time: 25
3 8 4 2 0 6 1 7 5  Time: 25
3 8 4 7 0 2 5 1 6  Time: 25
4 1 3 0 6 8 2 5 7  Time: 28
4 1 3 8 6 2 0 5 7  Time: 28
4 1 5 0 2 6 8 3 7  Time: 28
4 1 5 8 2 7 3 6 0  Time: 28
4 1 5 8 6 3 0 2 7  Time: 28
4 1 7 0 3 6 8 5 2  Time: 28
4 1 7 0 6 8 2 5 3  Time: 28
4 1 7 2 6 3 0 8 5  Time: 28
4 1 7 2 6 8 0 5 3  Time: 28
4 1 8 0 5 7 2 6 3  Time: 28
4 1 8 5 2 6 3 0 7  Time: 28
4 2 0 5 1 8 6 3 7  Time: 28
4 2 0 5 7 1 3 6 8  Time: 28
4 2 0 6 1 7 5 3 8  Time: 28
4 2 5 8 1 7 0 3 6  Time: 28
4 2 5 8 6 1 3 7 0  Time: 28
4 2 5 8 6 0 3 1 7  Time: 28
4 2 5 8 6 3 0 7 1  Time: 28
4 2 7 3 6 8 1 5 0  Time: 28
4 2 7 3 1 8 5 0 6  Time: 28
4 2 7 5 1 8 6 0 3  Time: 28
4 2 7 5 1 8 0 3 6  Time: 28
4 2 8 3 1 7 5 0 6  Time: 28
4 2 8 5 7 1 3 0 6  Time: 28
4 0 5 3 1 7 2 8 6  Time: 28
4 0 7 3 1 6 8 5 2  Time: 28
4 0 7 5 2 6 1 3 8  Time: 28
4 6 3 0 2 5 8 1 7  Time: 28
4 6 3 0 2 7 5 1 8  Time: 28
4 6 3 0 2 8 5 7 1  Time: 28
4 6 3 0 7 1 8 5 2  Time: 28
4 6 0 3 1 7 5 8 2  Time: 28
4 6 0 5 7 1 3 8 2  Time: 28
4 6 1 3 7 0 2 8 5  Time: 28
4 6 1 3 7 0 8 5 2  Time: 28
4 6 1 5 2 0 7 3 8  Time: 28
4 6 1 5 7 0 3 8 2  Time: 28
4 6 8 3 1 7 5 2 0  Time: 28
4 6 8 3 7 0 2 5 1  Time: 28
4 6 8 2 7 1 3 5 0  Time: 28
4 7 3 0 2 5 8 6 1  Time: 32
4 7 3 0 6 1 5 2 8  Time: 32
4 7 3 8 6 2 0 5 1  Time: 32
4 7 0 3 6 2 5 8 1  Time: 32
4 7 0 8 3 1 6 2 5  Time: 32
4 7 5 0 2 6 8 3 1  Time: 32
4 7 5 8 2 0 6 3 1  Time: 32
4 7 1 6 2 5 8 0 3  Time: 32
4 7 1 6 2 0 8 3 5  Time: 32
4 7 1 8 5 2 0 3 6  Time: 32
4 7 1 8 2 0 6 3 5  Time: 32
4 8 3 5 7 1 6 0 2  Time: 32
4 8 1 3 6 2 7 5 0  Time: 32
4 8 1 5 7 2 0 3 6  Time: 32
5 1 4 6 8 3 7 0 2  Time: 32
5 1 4 6 8 2 7 3 0  Time: 32
5 1 8 4 2 7 3 6 0  Time: 32
